1)LogisticRegression()

rmse_score:[0.3592106  0.47519096 0.40160966 0.31622777 0.31622777 0.40824829 0.40824829 0.36514837 0.54772256 0.51639778]
Mean:0.1749462365591398
Standard deviation:0.06483442985928567
Accuracy:0.8471074380165289


2)KNeighborsClassifier() BEST MODEL!!!!
rmse_score1:[0.53881591 0.56796183 0.67202151 0.60553007 0.60553007 0.65828059 0.48304589 0.54772256 0.68313005 0.48304589]
Mean:0.34645161290322585
Standard deviation:0.08083676164100666
Accuracy:0.8677685950413223

3)GaussianNB()
rmse_score2:[0.43994135 0.43994135 0.3592106  0.31622777 0.4472136  0.51639778 0.31622777 0.4472136  0.51639778 0.54772256]
Mean:-0.19494623655913978
Standard deviation:0.06614616440373146
Accuracy:0.8471074380165289


4) RandomForestClassifier()
rmse_score3:[0.3592106  0.43994135 0.3592106  0.25819889 0.31622777 0.40824829 0.51639778 0.40824829 0.51639778 0.4472136 ]
Mean:-0.16849462365591397
Standard deviation:0.06251197133586485
Accuracy:1.0(Overfitting)

5) SVC(kernel='linear', random_state=0)
rmse_score:[0.3592106  0.43994135 0.3592106  0.31622777 0.31622777 0.48304589 0.25819889 0.40824829 0.51639778 0.51639778]
Mean:-0.16516129032258062,Standard deviation:0.06845874383079907
Accuracy:0.859504132231405